 -0.3095 -0.3095 -0.3095 -0.3095 -0.3095 -0.3098 -0.4479 -0.6832 -0.9359 -1.1209
 -0.7819 -0.5054 -0.4880 -0.4880 -0.4880 -0.4880 -0.4880 -0.4869 -0.4811 -0.4764
 -0.5065 -0.5665 -0.6265 -0.6977 -0.7854 -0.8823 -0.9773 -1.0513 -1.1043 -1.1572
 -1.1948 -1.2078 -1.2097 -1.2098 -1.2098 -1.2098 -1.1905 -1.0898 -1.0269 -1.0110
 -1.0061 -1.0178 -1.0367 -1.0452 -1.0465 -1.0471 -1.1146 -1.4326 -1.4594 -1.4562
 -1.4562 -1.4561 -1.4555 -1.4509 -1.4411 -1.4395 -1.4288 -1.3739 -1.2638 -1.1142
 -1.0252 -1.0066 -1.0053 -1.0053 -1.0053 -0.9885 -0.8545 -0.7131 -0.6571 -0.6557
 -0.6532 -0.6538 -0.6690 -0.7015 -0.7146 -0.6854 -0.6752 -0.6945 -0.6976 -0.6893
 -0.6473 -0.5007 -0.3316 -0.2690 -0.2628 -0.2684 -0.2832 -0.2994 -0.3075 -0.3093
 -0.3095 -0.3095 -0.3095 -0.3095 -0.3095 -0.3840 -0.4735 -0.5660 -0.6700 -0.8030
 -1.0684 -0.9679 -0.5926 -0.4881 -0.4880 -0.4880 -0.4880 -0.4874 -0.4815 -0.4729
 -0.5035 -0.5674 -0.6252 -0.6963 -0.7846 -0.8823 -0.9792 -1.0536 -1.1034 -1.1588
 -1.1971 -1.2086 -1.2098 -1.2098 -1.2074 -1.1856 -1.1545 -1.0809 -1.0228 -1.0109
 -1.0043 -1.0171 -1.0379 -1.0457 -1.0466 -1.0466 -1.0647 -1.4910 -1.5461 -1.4757
 -1.4562 -1.4562 -1.4558 -1.4517 -1.4399 -1.4399 -1.4331 -1.3781 -1.2692 -1.1071
 -1.0188 -1.0058 -1.0053 -1.0053 -0.9383 -0.8030 -0.7678 -0.7053 -0.6572 -0.6558
 -0.6530 -0.6526 -0.6669 -0.7030 -0.7198 -0.6828 -0.6718 -0.6971 -0.6981 -0.6909
 -0.6583 -0.5037 -0.3192 -0.2652 -0.2623 -0.2675 -0.2831 -0.3003 -0.3080 -0.3094
 -0.3095 -0.3095 -0.3095 -0.3362 -0.5179 -0.5857 -0.4863 -0.4091 -0.4474 -0.6217
 -0.7084 -0.9452 -1.0878 -0.7694 -0.5065 -0.4886 -0.4881 -0.4877 -0.4825 -0.4691
 -0.4999 -0.5692 -0.6236 -0.6948 -0.7838 -0.8822 -0.9810 -1.0568 -1.1016 -1.1607
 -1.1997 -1.2093 -1.2098 -1.2083 -1.1854 -1.1689 -1.1603 -1.0781 -1.0188 -1.0113
 -1.0021 -1.0163 -1.0395 -1.0462 -1.0466 -1.0596 -1.1236 -1.2242 -1.4929 -1.5708
 -1.5088 -1.4594 -1.4560 -1.4527 -1.4386 -1.4397 -1.4383 -1.3814 -1.2772 -1.0975
 -1.0125 -1.0054 -0.9885 -0.8654 -0.7741 -0.7588 -0.6932 -0.6531 -0.6573 -0.6559
 -0.6529 -0.6514 -0.6645 -0.7042 -0.7266 -0.6793 -0.6676 -0.7008 -0.6981 -0.6915
 -0.6709 -0.5083 -0.3035 -0.2627 -0.2619 -0.2664 -0.2829 -0.3013 -0.3085 -0.3095
 -0.3095 -0.3095 -0.4163 -0.6334 -0.6719 -0.5981 -0.4825 -0.4053 -0.3588 -0.3529
 -0.5258 -0.6691 -0.8030 -1.0684 -0.9689 -0.5979 -0.4939 -0.4902 -0.4841 -0.4654
 -0.4948 -0.5721 -0.6217 -0.6932 -0.7830 -0.8822 -0.9822 -1.0619 -1.0979 -1.1631
 -1.2026 -1.2169 -1.2346 -1.2100 -1.1808 -1.1679 -1.1662 -1.0778 -1.0174 -1.0123
 -0.9994 -1.0154 -1.0416 -1.0465 -1.1036 -1.2129 -1.1875 -1.0887 -1.0602 -1.3358
 -1.5661 -1.5461 -1.4762 -1.4540 -1.4378 -1.4380 -1.4446 -1.3834 -1.2900 -1.0826
 -1.0077 -0.9473 -0.8048 -0.7678 -0.7312 -0.6598 -0.6411 -0.6572 -0.6574 -0.6561
 -0.6529 -0.6504 -0.6616 -0.7048 -0.7358 -0.6743 -0.6622 -0.7064 -0.6973 -0.6914
 -0.6838 -0.5163 -0.2832 -0.2618 -0.2616 -0.2651 -0.2827 -0.3026 -0.3089 -0.3095
 -0.3140 -0.4709 -0.6789 -0.6910 -0.6769 -0.6033 -0.4772 -0.4032 -0.3578 -0.3259
 -0.3260 -0.4490 -0.6326 -0.7084 -0.9452 -1.0887 -0.7830 -0.5376 -0.5258 -0.4888
 -0.4972 -0.5618 -0.6098 -0.6840 -0.7787 -0.8824 -0.9845 -1.0687 -1.1146 -1.1846
 -1.2357 -1.3139 -1.2546 -1.2096 -1.1792 -1.1661 -1.1614 -1.1286 -1.0410 -1.0138
 -0.9957 -1.0142 -1.0458 -1.1309 -1.2431 -1.2472 -1.1925 -1.0850 -1.0156 -1.0067
 -1.3599 -1.5779 -1.5766 -1.5081 -1.4584 -1.4362 -1.4113 -1.3206 -1.2182 -1.0387
 -0.9808 -0.8124 -0.7571 -0.6775 -0.6408 -0.6506 -0.7186 -0.7114 -0.6574 -0.6563
 -0.6530 -0.6494 -0.6583 -0.7041 -0.7482 -0.6673 -0.6554 -0.7144 -0.6953 -0.6912
 -0.6910 -0.5238 -0.2636 -0.2618 -0.2615 -0.2636 -0.2824 -0.3042 -0.3093 -0.3095
 -0.3445 -0.5836 -0.6924 -0.6917 -0.6817 -0.6109 -0.4692 -0.4019 -0.3569 -0.3234
 -0.3196 -0.3703 -0.4290 -0.5758 -0.6737 -0.8029 -1.0685 -0.9873 -0.7639 -0.6444
 -0.6326 -0.6417 -0.6735 -0.7337 -0.8162 -0.9041 -0.9864 -1.0649 -1.1374 -1.1895
 -1.2042 -1.1987 -1.1883 -1.1757 -1.1696 -1.1626 -1.1616 -1.1335 -1.0439 -0.9607
 -0.9415 -0.9876 -1.0620 -1.1934 -1.2485 -1.2514 -1.1998 -1.0802 -1.0048 -0.9096
 -0.9561 -1.3899 -1.4938 -1.5456 -1.5500 -1.4985 -1.3636 -1.1953 -1.0400 -0.9136
 -0.8144 -0.7298 -0.6394 -0.6077 -0.6837 -0.7594 -0.7652 -0.6944 -0.6574 -0.6566
 -0.6530 -0.6486 -0.6548 -0.7017 -0.7652 -0.6574 -0.6464 -0.7262 -0.6918 -0.6913
 -0.6025 -0.2690 -0.1951 -0.2564 -0.2616 -0.2618 -0.2820 -0.3062 -0.3095 -0.3208
 -0.6015 -0.7513 -0.6571 -0.6851 -0.6849 -0.6242 -0.4559 -0.4018 -0.3565 -0.3206
 -0.3144 -0.3731 -0.4112 -0.4474 -0.5923 -0.6533 -0.7074 -0.9754 -0.9765 -0.8300
 -0.7372 -0.7134 -0.7218 -0.7388 -0.7661 -0.7964 -0.8242 -0.8567 -0.8873 -0.8903
 -0.8663 -0.8578 -0.8885 -0.9544 -1.0353 -1.0824 -1.0470 -0.9312 -0.7794 -0.6615
 -0.6365 -0.7020 -0.8377 -0.9662 -0.9764 -0.9287 -0.8750 -0.8320 -0.8095 -0.5936
 -0.3928 -0.4486 -0.9139 -1.2786 -1.5071 -1.5077 -1.3470 -1.1441 -0.9789 -0.8457
 -0.7130 -0.5922 -0.5333 -0.5670 -0.6796 -0.7151 -0.6847 -0.6614 -0.6573 -0.6570
 -0.6530 -0.6480 -0.6511 -0.6980 -0.7861 -0.6435 -0.6278 -0.7491 -0.6813 -0.5819
 -0.4359 -0.1808 -0.0949 -0.1016 -0.2289 -0.2599 -0.2813 -0.3122 -0.3365 -0.3734
 -0.7769 -0.7792 -0.5700 -0.5272 -0.6767 -0.5889 -0.4321 -0.4017 -0.3405 -0.3086
 -0.2383 -0.2127 -0.3744 -0.4197 -0.5214 -0.4675 -0.4886 -0.4631 -0.3648 -0.2414
 -0.2027 -0.2370 -0.2631 -0.2566 -0.2466 -0.2626 -0.3032 -0.3542 -0.3987 -0.4118
 -0.4028 -0.4129 -0.4458 -0.5024 -0.5865 -0.6257 -0.5332 -0.3437 -0.1594 -0.0436
  0.0054  0.0045 -0.0419 -0.1185 -0.1540 -0.1256 -0.1269 -0.1676 -0.2030 -0.2281
 -0.2167 -0.1330 -0.1975 -0.6519 -1.0531 -1.1208 -0.9860 -0.8209 -0.6952 -0.5894
 -0.4775 -0.3674 -0.3101 -0.3146 -0.3198 -0.2932 -0.2669 -0.2666 -0.2625 -0.2067
 -0.1373 -0.1287 -0.1768 -0.2304 -0.2809 -0.3172 -0.3653 -0.4501 -0.5208 -0.4946
 -0.4452 -0.1844 -0.0912 -0.0361 -0.0730 -0.1374 -0.1765 -0.2952 -0.3881 -0.6118
 -0.3384 -0.3325 -0.2688 -0.2008 -0.1618 -0.0817  0.0244  0.1945  0.3191  0.4689
  0.4830  0.4055  0.2728  0.2301  0.1971  0.1761  0.1866  0.3079  0.5602  0.8097
  0.9052  0.8725  0.7987  0.7441  0.7104  0.5819  0.3079  0.0412 -0.1460 -0.2592
 -0.2868 -0.2515 -0.1914 -0.1167 -0.0382  0.1138  0.3945  0.6923  0.9025  1.0214
  1.0888  1.1659  1.2400  1.2080  1.1268  1.0939  1.0045  0.8526  0.7192  0.5826
  0.4299  0.3155 -0.0404 -0.3299 -0.5885 -0.6151 -0.5648 -0.5510 -0.5240 -0.4751
 -0.4270 -0.3608 -0.2947 -0.2177 -0.1239 -0.0508 -0.0350 -0.0856 -0.0992  0.0357
  0.2197  0.2841  0.2967  0.3765  0.4459  0.4475  0.4245  0.3422  0.1602 -0.0106
 -0.0843  0.0317  0.1594  0.2298  0.3141  0.3408  0.2822  0.1318 -0.1055 -0.2682
  0.7218  0.7522  0.7116  0.6537  0.6410  0.6876  0.8771  1.2173  1.5129  1.6549
  1.7231  1.6695  1.5144  1.3852  1.2846  1.2542  1.3431  1.6460  2.2270  2.7758
  3.0130  2.9909  2.8237  2.6865  2.6522  2.3338  1.5582  0.8229  0.3385  0.0603
  0.0691  0.2954  0.5846  0.9052  1.2148  1.4970  1.8682  2.2275  2.4006  2.4774
  2.6187  2.8505  3.0460  3.0890  3.0413  3.0641  3.0674  2.9314  2.7166  2.4462
  2.0915  1.6792  1.2420  0.8139  0.5009  0.3524  0.1957 -0.0347 -0.1888 -0.2526
 -0.2860 -0.2461 -0.1713 -0.0870 -0.0421 -0.0902 -0.1537 -0.2256 -0.2740 -0.1757
  0.0520  0.2706  0.5349  0.8739  1.0807  1.1447  1.1891  1.1498  0.9565  0.7968
  0.7702  0.7338  0.7042  0.8156  0.9572  0.9429  0.8218  0.7012  0.6362  0.6593
  1.2078  1.2011  1.1926  1.1872  1.1735  1.2165  1.5660  2.1470  2.4369  2.3368
  2.2898  2.2934  2.3212  2.3299  2.4261  2.7296  3.0312  3.4441  4.3044  5.1018
  5.3419  5.2545  5.0455  4.9002  4.9078  4.4961  3.4441  2.5709  1.9873  1.4099
  1.1804  1.4215  1.8988  2.4748  2.9585  3.1527  3.3279  3.6052  3.7467  3.7894
  4.0147  4.3643  4.5754  4.6578  4.6566  4.6926  4.8734  4.9843  4.9644  4.8537
  4.4607  3.8254  3.2400  2.7036  2.1541  1.6820  1.2408  0.7740  0.4299  0.2372
  0.1453  0.1783  0.2446  0.2923  0.2352  0.0368 -0.1451 -0.2689 -0.3834 -0.3723
 -0.0891  0.2925  0.7142  1.1919  1.4933  1.5989  1.6278  1.5208  1.3188  1.2907
  1.3859  1.3026  1.2566  1.4685  1.5909  1.4211  1.1787  1.0429  1.0532  1.1627
  1.7227  1.7034  1.8332  2.0071  2.0837  2.2118  2.6646  3.2938  3.5679  3.4719
  3.4508  3.4237  3.4946  3.6802  4.1199  4.7350  5.1676  5.6014  6.4580  7.1535
  7.2266  7.1328  7.1324  7.1244  7.1089  6.7094  5.7121  5.0233  4.6456  4.0408
  3.5911  3.6596  4.0303  4.5088  4.9475  5.0686  5.0793  5.2532  5.4942  5.6844
  5.8381  5.9408  5.9043  5.8951  5.8885  5.8929  6.2315  6.6787  6.9302  7.0248
  6.6166  6.0130  5.4231  4.8460  4.1268  3.3693  2.6461  1.9455  1.4268  1.1559
  1.0974  1.1562  1.2227  1.2508  1.1148  0.8388  0.5577  0.3605  0.2224  0.1923
  0.3739  0.6755  1.0457  1.5353  1.9652  2.1978  2.2255  1.9782  1.6858  1.7149
  1.9501  2.0559  2.2096  2.4347  2.3565  1.9945  1.6609  1.4091  1.4046  1.6431
  3.2369  3.1886  3.2212  3.3303  3.3350  3.5801  4.2051  4.8983  5.3118  5.4268
  5.4410  5.4254  5.6829  6.1289  6.5942  7.0259  7.3801  7.7327  8.2438  8.4885
  8.2863  8.1615  8.4279  8.7269  8.6240  8.0970  7.3241  7.1045  7.2833  7.1339
  6.8203  6.5841  6.5654  6.7323  6.7762  6.5431  6.4098  6.3332  6.2579  6.5191
  6.9090  6.9108  6.5831  6.4767  6.5557  6.6227  7.0531  7.8362  8.4086  8.2481
  7.8622  7.4943  6.9888  6.3893  5.8218  5.1556  4.3127  3.4375  2.9097  2.7734
  2.8369  2.8948  2.8618  2.6880  2.2645  1.8270  1.6312  1.7502  1.9006  1.9136
  1.8323  1.7883  1.9112  2.2912  2.7769  3.0749  3.1376  3.0148  2.8007  2.7433
  2.9635  3.3666  3.5977  3.5075  3.1489  2.7362  2.5123  2.4509  2.6495  3.0174
  5.3525  5.0285  4.9480  5.1666  5.2977  5.6286  6.2516  6.8837  7.4297  7.7364
  7.6817  7.7294  8.2174  8.6947  8.9978 10.1302 10.3096 10.3981 10.6244 10.6050
 10.1190  9.7972  9.9983 10.5115 10.5159 10.1164  9.7829 10.0318 10.4236 10.2945
  9.9362  9.3952  8.9960  8.8918  8.6753  8.3379  8.3823  8.2615  7.6573  7.4309
  7.9034  8.3076  8.2628  8.2095  8.3077  8.2686  8.5180  9.3157  9.9672  9.2149
  8.7636  8.4111  7.9460  7.4847  7.5582  7.4628  6.7956  5.7311  5.0290  4.8528
  4.8253  4.7492  4.5514  4.1573  3.4385  2.8826  2.9802  3.5437  3.8939  3.9480
  3.7880  3.5639  3.6143  4.0103  4.3754  4.3809  4.2592  4.3472  4.2913  3.9309
  3.9745  4.6511  4.7416  4.3050  3.9184  3.8287  4.1937  4.8436  5.3507  5.4403
  7.7669  7.2378  7.3736  7.8496  8.0738  8.3136  8.7184  9.1622  9.6118  9.9656
  9.9368  9.9714 10.3995 10.9017 11.2799 12.6483 12.6439 12.6769 12.9064 12.7197
 11.8273 11.4734 11.6123 12.1071 12.4234 12.4662 12.4069 12.1667 11.7944 11.4935
 11.2324 11.0075 11.0008 10.8954 10.7484 10.5964 10.5583 10.3713  9.8885  9.5050
  9.4295  9.5113  9.5696  9.6200 10.1183 10.4023 10.3638 10.6488 11.1968 11.1315
 10.8776 10.1866  9.4082  9.7080 10.7405 10.9711 10.2737  9.0784  8.2946  8.1347
  7.9748  7.7442  7.5114  7.2207  6.6057  5.9866  6.1060  6.5233  6.6196  6.7036
  6.8703  6.9493  6.9562  7.1805  7.4019  7.2037  6.8362  6.7098  6.5101  5.8879
  5.8109  6.8166  7.1985  6.8701  6.6871  6.9951  7.5379  7.9630  8.2265  8.1494
 10.4709 10.1381 10.1841 10.3283 10.5082 10.7916 11.2032 11.6378 11.8416 12.0512
 12.3407 12.4956 12.7685 13.2815 13.8687 14.7346 14.6595 14.6053 14.8219 14.8844
 13.6909 13.4387 13.7549 14.0546 14.2455 14.1222 13.8539 13.3310 12.6624 12.4377
 12.6190 12.7900 13.0148 12.9396 12.6069 12.2930 12.2055 12.1824 12.1023 11.8366
 11.5121 11.2939 10.9628 10.8985 11.6945 12.2703 12.3342 12.3415 12.5273 12.8222
 11.7971 11.7156 10.7916 11.3052 13.1827 13.5259 12.5107 11.6210 11.3936 11.5561
 11.4862 11.1204 10.8096 10.8364 10.6299  9.9192  9.6594  9.4937  9.2153  9.4612
 10.3332 11.2706 11.9671 12.2255 12.0681 11.6185 11.0390 10.7134 10.3890  9.7600
  9.8470 10.8550 11.4076 11.5929 11.4650 11.4710 11.5684 11.1770 10.8644 10.7330
 12.5127 12.6057 12.5269 12.3482 12.6230 13.2691 13.7691 13.9334 13.7631 13.7769
 14.2018 14.5385 14.7328 15.0156 15.9041 16.8353 16.8584 16.6290 16.6150 16.6810
 16.2755 15.8837 15.9977 15.6521 15.3946 15.1241 14.9511 14.8755 14.6015 14.5921
 14.6753 14.6557 14.7891 14.5917 13.9741 13.4469 13.2799 13.3050 13.5937 13.6456
 13.5077 13.4573 13.1028 13.0999 13.9246 14.4035 14.6334 14.5467 14.2041 13.8645
 13.0844 12.9442 12.4941 12.4683 14.9023 15.9599 15.0684 14.5914 14.8619 14.9851
 14.8376 14.3777 13.9878 14.0345 13.8987 13.2981 13.0180 12.6336 12.1401 12.4628
 13.9204 15.6985 16.9501 16.9277 16.3641 15.9500 15.5821 15.5243 15.3279 14.6778
 14.5479 14.7157 14.4022 14.5375 14.4132 13.9593 13.5969 12.9508 12.6814 12.5222
 14.7372 14.9171 14.9655 15.0596 15.5639 16.3267 16.6687 16.4307 15.9383 15.6837
 15.9660 16.3453 16.3644 16.2964 17.6051 18.8553 18.9492 18.5496 18.0764 17.8841
 17.7656 17.6535 17.4665 16.7115 16.3065 16.2217 16.3299 16.5738 16.5506 16.5723
 16.2998 16.1202 16.2749 16.2524 15.9210 15.6524 15.3436 14.7113 14.7253 15.0786
 15.3826 15.4095 15.1442 15.5072 16.4150 16.6541 16.5542 16.1589 15.2891 14.7897
 14.4858 13.6024 13.4101 13.8656 16.5393 18.2156 17.8368 17.4859 17.7476 17.5523
 17.2917 17.0616 16.8522 16.8829 16.7713 16.4084 16.1987 15.9393 15.6145 15.7981
 16.9267 18.2676 19.3588 19.5782 19.2851 19.0601 18.8029 18.6097 18.2280 17.6815
 17.4944 17.2254 16.2809 16.1486 15.9543 15.4188 14.9930 14.5570 14.8076 14.7777
 17.1934 16.7443 16.8742 17.2367 17.7843 18.5195 18.6421 18.1864 17.7883 17.2821
 17.4688 18.0607 17.7857 17.0461 19.8735 20.6285 20.7303 20.2840 19.5217 18.9528
 18.7790 18.8396 18.6860 18.2604 17.9061 17.6347 17.6564 18.0253 18.1180 18.1157
 17.9846 18.1392 18.2804 18.2366 18.1499 18.2148 18.1134 17.3698 16.9373 17.1923
 17.5762 17.6777 17.4702 17.6689 17.9412 17.8516 17.5643 17.0403 16.0248 15.0682
 15.1152 14.5701 14.4564 15.8676 18.4831 20.1034 20.0959 19.9064 19.9137 19.3784
 19.1078 19.2899 19.3703 19.6269 19.4749 19.0396 18.6619 18.3384 18.2290 18.2872
 18.5018 18.5184 19.3699 20.6398 20.8652 20.6015 20.1515 19.5838 19.0757 19.0625
 19.2636 18.9671 17.9080 17.8089 17.7610 17.3007 17.0590 16.7287 17.2895 17.7290
 18.6650 18.2948 18.4654 18.6737 19.1506 19.8950 20.2015 18.8773 18.0018 17.7168
 17.6725 18.0201 18.7700 19.3126 21.3660 22.0366 22.1033 21.7008 21.1964 20.5647
 20.2893 20.4800 20.3705 20.1641 19.8727 19.5272 19.5086 20.0712 20.1474 19.9418
 20.1595 20.7981 21.0972 20.9624 20.6922 20.6551 20.8317 20.7549 20.6198 20.4668
 20.1973 20.2811 20.0441 19.8146 19.4612 19.1771 18.6094 17.8529 16.9383 15.8815
 15.6483 15.3425 16.8848 18.9638 20.3131 21.6116 21.7690 21.8416 21.6849 21.0786
 20.9388 21.3742 21.3547 21.4609 21.2813 20.5631 19.9755 19.5187 19.2739 19.1879
 18.6900 17.5760 17.9049 20.4857 21.3428 22.0633 21.5493 21.0239 20.6491 20.7869
 21.1828 20.7947 19.7271 19.6869 19.6869 19.5622 19.5272 19.2276 19.1199 19.0846
 20.6206 20.5630 20.5064 20.4892 20.8714 21.6261 21.7617 20.6977 17.9263 17.7164
 17.6855 17.7555 17.9181 21.5482 22.9965 23.0398 22.6979 22.2541 22.1430 21.8573
 21.6610 21.9545 21.9091 21.7354 21.5193 21.2744 21.3295 21.6765 21.7638 21.7348
 22.0072 22.4657 22.7404 22.7872 22.7259 22.6422 22.5364 22.6789 22.9685 22.8015
 22.3126 22.0839 21.6579 21.3265 20.7369 20.2003 19.4111 18.5058 17.5975 16.4968
 16.3223 16.7302 19.1099 20.6663 21.8172 22.6638 23.0174 23.3157 23.3079 22.9272
 22.7781 22.9042 22.6604 22.5721 22.3783 21.6469 20.9053 20.3835 19.8835 19.3962
 18.2968 17.0255 16.9859 20.1345 23.0329 23.6840 23.4650 23.2252 22.9993 22.9198
 23.3821 23.2237 22.1734 21.9230 21.8046 21.9103 21.8940 21.3865 20.7534 20.5434
 21.9789 21.8449 21.7403 21.8033 22.1949 22.9451 23.1212 23.5966 24.1118 22.3844
 21.0189 21.3130 23.5436 24.4294 24.0449 23.7337 23.3797 22.9267 23.0720 23.1118
 23.1436 23.4730 23.4695 23.2838 23.2564 23.1535 23.2548 23.2483 23.0740 23.2134
 23.5031 23.6058 23.7080 23.9226 24.1513 24.2367 23.9963 23.8590 23.9485 23.8586
 23.5598 23.1260 22.4233 21.9626 21.2993 20.5561 19.8528 19.2313 18.4471 17.4843
 17.2516 17.4620 19.0739 22.0574 22.5499 22.7314 23.1915 24.0315 24.4144 24.3520
 24.0871 23.9128 23.5256 23.1972 22.9751 22.3653 21.5556 20.8381 20.0938 19.1000
 17.4420 16.2051 16.7148 20.3355 24.0766 24.2709 24.3333 24.1679 24.0583 24.2771
 24.5569 24.5279 23.4954 23.0367 23.1806 23.4296 23.3508 22.6794 22.0693 21.9260
 22.9941 22.9762 23.0631 23.2808 23.6447 24.1789 24.8596 25.6436 26.3041 26.6180
 26.9433 25.9762 25.5548 25.2514 24.7802 24.4813 24.3711 24.1546 24.3851 24.5401
 24.6425 24.9268 25.0133 24.8211 24.9218 24.9163 24.9255 25.0350 24.8416 24.9433
 25.2061 25.0469 25.0259 25.2235 25.3578 25.4754 25.2585 24.9692 24.6110 24.1707
 23.9864 23.7489 22.9533 22.2702 21.5876 20.8861 20.1929 19.7299 19.3211 18.2078
 17.5695 17.5950 18.3447 21.9907 22.0165 22.0098 23.5913 24.5942 25.1663 25.4368
 25.3247 25.0394 24.2425 23.4692 23.1652 22.6216 22.0409 21.3060 20.4240 19.1510
 17.3144 16.1835 16.1892 20.7313 24.5374 25.0013 25.1128 25.0317 24.9593 25.3076
 25.2184 25.0141 24.2216 23.8539 23.9558 24.2047 24.5550 23.9528 23.2434 22.9683
 24.3465 24.2972 24.4840 24.7443 24.9900 25.3129 25.9443 26.4522 26.7806 27.2073
 27.4886 27.4030 26.4236 25.6746 25.5262 25.5467 25.5708 25.6619 25.8743 25.9629
 26.0424 26.2784 26.3765 26.2874 26.4648 26.5635 26.4637 26.6278 26.6053 26.5869
 26.7092 26.5391 26.4389 26.4081 26.2690 26.1853 25.8673 25.5987 25.1357 24.4373
 23.9524 23.7750 23.2344 22.5484 22.1136 21.6970 20.9145 20.2046 19.8769 18.7113
 17.8279 17.7915 18.3391 21.8379 22.0592 23.4156 24.7970 25.5042 25.7970 26.0311
 25.9080 25.4186 24.4991 23.6338 23.1658 22.9572 22.3000 21.5248 20.7630 19.5508
 17.9395 17.1902 16.5126 20.4327 25.4412 25.5150 25.7307 25.9916 25.8950 26.0184
 25.8436 25.4718 25.0075 24.9206 24.8592 25.0403 25.6212 24.9248 24.4730 24.3888
 25.9930 25.7908 25.8972 26.0016 26.2147 26.4519 26.8528 27.1435 27.4060 27.7867
 27.6962 27.5369 27.5105 26.2848 26.1388 26.4417 26.7061 26.9775 27.1716 27.2285
 27.3128 27.4554 27.4987 27.5332 27.6790 27.8166 27.7384 27.6804 27.6511 27.6925
 27.6808 27.4600 27.2523 27.0925 26.9316 26.6506 26.1704 25.8223 25.3671 24.6839
 23.9582 23.5739 23.2617 22.6798 22.4106 22.2234 21.5241 20.3926 19.4951 18.8765
 17.9285 17.8595 17.9827 20.8746 24.2012 25.5800 26.2593 26.3627 26.4179 26.4015
 26.1143 25.5594 24.7658 23.9286 23.2271 23.1308 22.4840 21.7429 21.3909 20.7267
 19.8622 20.2563 21.2369 22.6219 25.6115 25.8536 26.3298 26.7543 26.6784 26.6808
 26.5047 26.0166 25.7733 25.9204 25.9214 25.9763 26.3456 25.8410 25.8632 26.0751
 27.3484 27.2109 27.1324 27.0905 27.3145 27.4802 27.6718 27.8585 27.9554 27.9142
 27.8129 27.5020 27.5697 26.5754 26.6679 27.1144 27.6178 28.0208 28.1644 28.2334
 28.2828 28.3414 28.4039 28.4679 28.4979 28.5502 28.5498 28.4122 28.3177 28.3969
 28.3167 28.0379 27.6876 27.3854 27.1568 26.8666 26.4267 26.0126 25.5638 24.9441
 24.2984 23.7972 23.3887 22.9178 22.7842 22.6236 21.7922 20.3975 19.0936 19.0520
 18.7750 18.0487 17.8608 19.4525 26.2499 26.6669 26.7077 26.7855 26.9202 26.8078
 26.4237 25.8739 25.3310 24.6196 23.7849 23.6287 23.2247 22.6230 22.6636 22.4543
 21.9267 22.3619 22.4618 23.1964 26.0034 26.5173 26.9021 27.1304 27.0754 26.9248
 26.8584 26.4895 26.3407 26.6611 26.6665 26.5040 26.8638 26.8201 27.0168 27.2632
 27.9218 27.9501 27.9101 27.8092 27.8138 27.8401 27.9247 28.0328 28.1761 28.1876
 27.6069 27.2901 27.5040 26.9805 27.3163 27.9036 28.4204 28.7786 28.8515 28.9481
 28.9572 28.9448 28.9947 29.0483 29.0016 28.9705 28.9898 28.8940 28.7649 28.7361
 28.5883 28.2533 27.8516 27.4646 27.1712 26.9931 26.6799 26.2142 25.7934 25.3373
 24.8546 24.3452 23.8717 23.5459 23.5526 23.3504 21.9878 20.3383 19.6171 19.2481
 19.0096 19.0066 18.9587 23.2389 26.7271 26.7759 26.9084 27.1612 27.2933 27.1599
 26.8097 26.3760 26.0387 25.5541 24.8835 24.6998 24.3613 23.9557 24.0100 23.3607
 22.8861 22.8702 22.8167 22.9324 26.3281 26.9014 26.9314 27.0792 27.0038 26.9851
 27.0600 26.9235 26.8583 27.0975 27.2087 27.1349 27.4988 27.5398 27.5424 27.7642
 28.1643 28.2000 28.1279 27.9959 27.9397 27.9030 28.1394 28.1837 28.1533 28.0191
 27.4643 26.9929 27.4189 27.6669 28.3868 28.7889 29.0551 29.2263 29.2648 29.3375
 29.3027 29.2087 29.2186 29.2584 29.1191 29.0153 29.0086 28.8558 28.6900 28.5528
 28.3691 28.0223 27.6618 27.2969 26.9368 26.7789 26.6367 26.1532 25.8200 25.5538
 25.2228 24.6650 24.1557 23.8874 24.0110 23.7492 21.8975 20.1663 19.8538 19.7670
 19.5304 19.5797 25.3219 26.7974 26.8205 26.8283 27.0622 27.2405 27.3262 27.2200
 26.8973 26.5613 26.3130 26.0221 25.5339 25.1622 25.0104 24.9038 24.7431 23.4196
 22.7834 22.8756 22.9644 22.9846 26.3843 26.9031 26.8935 26.8855 26.8893 27.0478
 27.1744 27.1080 27.2122 27.3849 27.6101 27.6997 27.9367 27.9090 27.7867 28.0240
 28.6663 28.6465 28.2568 28.0420 28.4958 28.4207 28.4314 28.3708 28.1227 27.9206
 27.2985 27.3068 28.7596 29.1669 29.0991 29.1540 29.2511 29.3295 29.3266 29.2634
 29.1561 28.9690 28.9712 28.9598 28.6717 28.4900 28.4277 28.2305 28.0411 27.9168
 27.6727 27.4161 27.1674 26.8521 26.3457 26.0073 25.9394 25.4854 25.2728 25.0392
 24.7581 24.2486 23.6000 23.1815 23.2652 23.1029 21.6298 20.5316 20.5411 20.7469
 20.7146 24.0369 27.1108 26.9139 26.7971 26.8108 26.8395 27.0400 27.2235 27.1842
 26.8412 26.5218 26.3179 26.1863 25.6776 25.0690 25.2582 25.4951 25.0741 23.6517
 22.6963 22.6557 22.7463 23.0132 26.4550 26.9303 26.9503 27.0793 27.1340 27.2862
 27.5130 27.5796 27.8434 28.0471 28.2761 28.3761 28.4766 28.4476 28.4139 28.5881
 28.8586 28.8615 28.4206 27.9824 27.9677 28.2471 28.5080 28.2402 27.8326 27.9697
 28.0972 28.5633 29.0613 29.0718 29.0399 29.0399 29.0683 29.0959 29.0278 28.8172
 28.6308 28.3284 28.3184 28.2999 27.9460 27.6976 27.5784 27.4207 27.2339 27.1726
 26.9041 26.6849 26.4856 26.0755 25.5831 25.2618 25.0669 24.5689 24.3433 24.1251
 23.9659 23.5280 22.9105 22.4877 22.4087 22.6928 22.3064 22.2391 23.7796 24.5988
 25.0674 26.7377 27.3508 27.2087 27.0018 26.8255 26.8440 27.0020 27.1515 27.0457
 26.6721 26.3844 26.3015 26.3566 25.7975 25.2257 25.6849 26.1224 25.6365 24.6903
 24.0081 23.0984 22.6451 23.2429 26.8069 26.9815 27.0706 27.0769 27.1091 27.1968
 27.5519 27.9516 28.3551 28.6201 28.7433 28.7713 28.7529 28.7119 28.7238 28.7995
 28.8314 28.9265 28.7355 28.2158 27.9575 27.9857 28.4859 28.4331 28.2126 28.4157
 28.7111 28.9178 29.0617 29.1233 29.1497 29.1256 29.1493 29.1521 29.0885 28.8424
 28.5879 28.3370 28.2816 28.2101 27.9720 27.7310 27.5422 27.3924 27.2819 27.2651
 27.0473 26.8658 26.6669 26.1718 25.8702 25.6822 25.3291 24.9420 24.8632 24.7562
 24.8003 24.5744 24.2976 24.2661 24.3923 24.7114 24.5958 24.4139 24.9983 25.1844
 25.8681 27.4356 27.3730 27.3582 27.2973 27.2420 27.2938 27.3514 27.3919 27.3073
 27.0889 26.9632 27.0460 27.2296 26.8346 26.3465 26.5886 27.0081 26.8832 26.5773
 26.7246 26.2607 24.3482 23.0865 26.7528 27.0773 27.0852 27.0851 27.0020 27.0383
 27.4142 27.9992 28.5986 28.9178 28.9419 28.9052 28.7813 28.6414 28.6658 28.7217
 28.6034 28.7315 28.6567 28.3395 28.1157 28.0680 28.3848 28.5368 28.5484 28.6776
 28.8814 29.0112 29.1234 29.1763 29.1758 29.1583 29.1306 29.1181 29.0845 28.9021
 28.7155 28.6313 28.5303 28.3645 28.2383 28.1164 27.9060 27.7393 27.7426 27.7527
 27.6109 27.5305 27.3690 27.0508 26.8981 26.7456 26.4235 26.2528 26.3395 26.3610
 26.4758 26.4334 26.3830 26.4632 26.3154 26.3548 26.3318 25.6767 25.4754 26.0286
 27.2295 27.5373 27.5294 27.4214 27.2718 27.3481 27.3494 27.3009 27.3125 27.3079
 27.2879 27.2957 27.3126 27.3641 27.2385 26.4347 25.9523 26.5688 27.1403 27.1898
 27.1699 27.1355 27.0741 26.0038 26.9173 27.2599 27.1575 26.9675 26.8676 26.8418
 27.1054 27.6484 28.4622 28.8911 28.9441 28.8215 28.6056 28.3987 28.4373 28.5253
 28.3332 28.3387 28.4424 28.2319 27.8972 28.1040 28.3876 28.4613 28.4386 28.6618
 28.8136 28.9039 28.9889 28.9840 28.9381 28.8863 28.7825 28.7023 28.6389 28.5282
 28.3958 28.3149 28.2070 28.0435 27.8981 27.9001 27.7856 27.6029 27.6264 27.6229
 27.5837 27.5714 27.4367 27.3590 27.2799 27.1919 27.1153 27.1255 27.1661 27.2416
 27.3326 27.2936 27.2327 26.9678 25.8729 25.5969 26.5954 26.6990 26.9321 27.3662
 27.0820 27.3986 27.5618 27.5341 27.3982 27.2723 27.0698 26.8480 26.8641 26.8661
 26.8409 26.8664 26.6428 26.2169 26.4464 26.3823 25.5558 26.3089 27.0091 27.3247
 27.2628 27.2166 27.2059 27.3377 27.8381 27.8612 27.8538 27.6098 27.1636 26.7686
 26.5914 27.1896 28.0816 28.6550 28.8442 28.7021 28.4218 28.3053 28.3465 28.3749
 28.2281 28.0123 28.2493 28.1733 27.4418 27.7581 28.1511 28.2776 28.3408 28.5855
 28.6931 28.7347 28.7758 28.7372 28.6769 28.5943 28.4411 28.2841 28.1458 28.0489
 27.8621 27.6866 27.5958 27.4854 27.2758 27.2432 27.1701 26.9432 26.8546 26.8048
 26.8389 26.8778 26.7676 26.8222 26.8027 26.7668 26.9310 27.1462 27.2925 27.4782
 27.6632 27.7083 27.5686 26.9577 25.7753 24.9957 26.4902 27.3469 27.4835 27.0609
 26.8481 26.7846 27.3497 27.4570 27.2094 26.8562 26.3968 26.0544 26.1019 25.9891
 25.8001 25.7824 25.3480 24.6035 25.2685 26.0283 25.9093 26.2955 26.9923 27.3165
 27.3497 27.3119 27.2435 28.0281 28.7079 28.1200 27.9029 27.8382 27.7332 27.2020
 26.3093 26.8877 27.7265 28.3505 28.6065 28.6088 28.4145 28.2709 28.3041 28.2941
 28.1822 27.7618 27.9348 27.8387 26.9360 27.4110 27.9218 28.1743 28.4230 28.5104
 28.5522 28.5997 28.6605 28.6488 28.6043 28.4590 28.2641 28.0619 27.8712 27.7306
 27.4946 27.3022 27.2260 27.1248 26.8973 26.7474 26.6251 26.3699 26.1634 26.0081
 25.9905 26.0427 25.9516 26.0662 26.1493 26.0400 26.2218 26.6758 26.9909 27.2327
 27.6054 27.9257 27.9162 27.1543 26.6255 25.9889 27.3081 27.6407 27.5993 27.3163
 27.2443 27.1382 27.2473 27.2919 26.9283 26.4917 26.0731 25.7602 25.6506 25.4159
 25.0992 24.8265 24.0554 23.3644 23.6155 24.6162 25.7089 26.4277 26.9879 27.2911
 27.3480 27.3500 27.6517 29.1222 29.1411 28.9414 28.3958 27.9272 27.6220 26.9772
 26.2368 26.6339 27.3558 27.9337 28.2415 28.4233 28.3892 28.0323 28.1601 28.2487
 27.9726 27.6151 27.3977 25.6741 25.9441 26.8748 27.4049 27.7766 28.1056 28.1245
 28.1638 28.2657 28.3604 28.3806 28.3351 28.1273 27.9362 27.7208 27.5095 27.3012
 27.0944 26.9731 26.9128 26.8271 26.6400 26.4237 26.1987 25.8979 25.5993 25.2401
 25.0396 25.0260 24.9307 24.9732 25.0206 24.7947 24.8245 25.3069 25.7232 26.1054
 26.7622 27.3630 27.6005 26.7741 26.4331 27.3852 27.7185 27.6555 27.6094 27.4066
 27.2958 27.1563 26.9634 26.8584 26.4994 26.0633 25.7347 25.4244 25.1233 24.8291
 24.3810 23.7768 22.6416 21.4295 21.1173 21.4820 23.2791 25.8165 26.9904 27.2686
 27.2629 26.6919 26.9078 28.6550 29.1297 29.1629 29.0573 28.7237 28.4565 26.8609
 25.9718 26.1066 26.7615 27.3196 27.7477 28.1305 28.2649 27.7400 27.8822 28.0849
 27.5524 27.6357 26.9514 24.9364 24.9788 26.0463 26.5033 27.0660 27.3931 27.4370
 27.4930 27.6249 27.7072 27.7663 27.7370 27.5739 27.4168 27.1831 26.9958 26.8240
 26.6679 26.5473 26.4355 26.3888 26.2920 26.1070 25.8933 25.5977 25.1986 24.6435
 24.2265 24.0208 23.7966 23.6651 23.5420 23.2464 23.0002 23.2402 23.8378 24.4768
 25.3547 26.2402 26.5383 25.7332 25.7181 26.7626 27.5183 27.4932 27.3354 27.1153
 26.8630 26.7861 26.5459 26.2730 25.9861 25.6648 25.3156 24.8579 24.4469 24.0576
 23.5107 22.7603 21.4022 20.1921 20.2294 20.2912 20.3437 21.1550 21.6248 21.6712
 22.3916 25.3229 26.1762 26.3887 27.7088 28.6461 28.8357 28.9110 28.9410 27.3523
 25.8176 25.9129 26.2854 26.8596 27.1495 27.4380 27.7043 27.7531 27.9077 27.7025
 26.7173 27.1754 26.4725 24.7065 24.7302 25.4892 25.5773 25.9156 26.3257 26.3460
 26.3460 26.4385 26.4152 26.5445 26.6449 26.5227 26.3790 26.1986 26.1420 26.0761
 25.9281 25.7306 25.5403 25.5369 25.4901 25.3651 25.2405 25.0198 24.5957 24.0555
 23.5836 23.1455 22.6774 22.3185 22.0363 21.6633 21.1604 20.9846 21.5437 22.4564
 23.5487 24.6038 25.5315 25.6373 25.6817 26.2448 27.0423 27.0396 26.7423 26.4751
 26.3019 26.2774 26.1394 25.7944 25.4719 25.2693 25.0032 24.5370 24.0901 23.6313
 23.0547 22.4451 21.2053 19.9022 19.9122 20.0186 19.7815 19.9324 20.5509 20.5517
 20.5927 21.3061 24.1455 25.9950 26.1554 26.6650 27.2987 27.8281 28.5026 25.8077
 24.6589 25.4699 25.8570 26.1322 26.1430 26.5272 27.2098 27.8149 27.6007 26.8982
 26.6715 26.6251 26.4409 25.1431 25.3576 25.3724 25.0267 24.4840 24.8233 25.1784
 25.2495 25.1778 25.0137 25.0713 25.2041 25.0416 24.9343 24.9230 24.9870 24.9739
 24.8907 24.7680 24.5805 24.6339 24.5853 24.3936 24.2266 24.1547 23.8521 23.3850
 23.0117 22.4739 21.8371 21.2416 20.7697 20.3283 19.7320 19.2216 19.3884 20.4786
 21.9826 23.3790 24.7053 24.7947 25.3268 25.8862 25.8836 26.1058 26.0369 25.6795
 25.4606 25.4491 25.4113 25.2467 24.9260 24.5821 24.3237 24.0322 23.7211 23.2239
 22.6252 22.1817 21.3678 20.3059 19.9992 19.4888 19.1038 19.4472 20.1837 20.5283
 20.5671 20.9222 21.6000 22.8231 25.2398 25.8405 26.0871 26.7583 24.5296 23.4497
 24.4042 25.2071 26.0302 25.9844 25.8105 25.7984 26.2211 27.1256 26.8477 26.7889
 26.6794 26.6283 26.6111 25.8844 25.2221 24.5292 23.5165 22.8682 22.1702 23.4076
 24.1428 24.0922 23.9241 23.7281 23.5794 23.4000 23.3821 23.4922 23.5119 23.4478
 23.4421 23.4761 23.2894 23.2390 23.0902 22.7340 22.6563 22.9295 22.7113 22.2366
 22.0669 21.6075 20.9737 20.2918 19.6373 19.0228 18.2392 17.6527 17.5529 18.6015
 20.3290 22.3196 23.7609 23.6033 24.1679 24.4172 24.1137 25.0419 24.9645 24.4621
 24.1522 24.0839 24.0562 24.0894 23.8959 23.4134 23.0159 22.7161 22.4524 22.0458
 21.6668 21.2839 20.7247 20.0589 19.4905 19.0715 19.0971 19.4159 19.6946 19.9256
 20.4239 20.8344 21.6999 21.6264 22.1657 24.1030 25.0357 25.7734 22.0073 21.2939
 23.3053 24.6241 25.9987 26.0865 25.9268 25.7626 25.7575 26.3088 26.7886 26.7796
 26.6845 26.6248 26.1659 25.0782 23.8724 23.0155 21.2208 18.6078 18.6073 20.8135
 22.6877 22.7614 22.7381 22.4886 22.2109 22.0579 21.9147 21.8747 21.7553 21.7140
 21.7247 21.6198 21.3816 21.2223 20.9116 20.4627 20.5709 21.1099 20.9659 20.5859
 20.6608 20.4060 19.8887 19.2482 18.5552 17.7462 16.6738 16.0105 16.0510 16.8742
 18.2652 21.9212 23.6507 23.6123 23.7992 23.7017 23.7165 24.3420 24.0728 23.5786
 23.3121 23.1806 23.1197 23.1240 22.9357 22.4948 22.0822 21.7944 21.5112 21.1716
 21.0321 20.7384 20.1966 19.6583 19.1983 19.1018 18.8752 18.8228 19.5417 19.6916
 19.8259 20.5042 21.3778 21.4381 21.8425 22.2914 22.5459 22.4151 21.2960 21.2620
 22.8710 23.7800 24.4361 25.7574 26.0985 26.0011 25.8020 25.7503 26.0498 26.6190
 26.2549 25.7160 24.5229 23.3021 22.3132 18.1262 15.1798 14.8652 15.4461 17.4542
 18.5298 20.3574 20.5090 20.7815 20.6985 20.5114 20.1236 19.9247 19.7117 19.6211
 19.6734 19.4547 19.2308 19.0271 18.6245 18.3031 18.4352 18.8531 18.7877 18.6493
 18.8475 18.7794 18.5245 18.0768 17.3838 16.3650 15.0890 14.6194 15.0437 15.7024
 16.4789 18.5320 23.3581 23.7952 23.8396 24.1225 24.1789 23.6736 22.4961 22.5421
 22.9866 22.9962 22.9267 22.7617 22.3506 21.9057 21.6020 21.3078 20.9653 20.5825
 20.3878 20.1670 19.7601 19.2995 18.9757 18.8801 18.1148 18.5161 18.8152 19.2616
 19.4766 19.7819 20.1984 20.4002 20.8468 21.4890 21.7831 21.5985 21.5295 21.4763
 22.7665 23.7164 23.8002 23.9638 25.1546 26.0380 26.0738 25.8933 25.7595 25.8208
 25.4620 23.8722 22.9616 20.2067 14.7484 13.2642 13.1637 13.0507 13.0338 14.4486
 15.6564 16.2480 17.1857 17.4675 17.8635 18.0745 17.7323 17.5009 17.3642 17.2406
 17.2600 17.1071 16.9674 16.8732 16.6558 16.5436 16.7009 16.9408 16.9028 16.9490
 17.1124 17.0191 16.9909 16.8832 16.3026 15.1152 13.6712 13.4267 14.1275 14.7938
 15.3552 16.2451 21.7119 23.9710 24.2737 23.9481 23.2295 20.6176 18.6306 19.4041
 21.0262 21.9779 22.3059 22.0793 21.5085 21.0422 20.9893 20.7720 20.4400 19.9610
 19.5187 19.3831 19.1903 18.7127 18.2743 18.1307 17.9173 18.2299 18.5996 18.6462
 18.6645 18.7994 18.8890 18.8262 19.3709 20.6807 21.1154 21.2871 21.3246 21.3460
 21.8039 23.3165 23.7959 23.8009 23.8009 24.4492 25.7576 26.0985 26.0003 25.8018
 23.5924 22.1910 16.8907 12.7539 12.4194 12.3353 12.2397 12.1454 12.1568 11.4450
 10.7470 11.8112 13.1032 12.9226 13.3439 14.1586 14.3560 14.1152 13.9263 13.9913
 14.1306 14.1644 14.2027 14.3195 14.3241 14.3714 14.6173 14.8341 14.8773 15.0185
 15.1965 15.2269 15.3385 15.5024 15.1431 14.0802 12.9420 12.8712 13.0471 13.5429
 14.5112 15.0477 17.1563 24.0256 23.6963 22.0550 18.8572 17.7159 16.0495 13.9861
 15.1828 16.9006 17.9788 18.0064 17.2591 17.3308 18.7815 19.3367 19.2341 18.8530
 18.4341 18.2628 18.0092 17.4915 17.0309 16.6956 16.8638 17.2579 17.3126 17.6133
 17.8848 17.6920 17.8588 17.7557 17.8563 18.6962 20.6175 21.2319 21.2422 21.2503
 21.2597 21.4401 22.7510 23.7335 23.8009 23.8009 23.9638 25.1546 26.0380 26.0231
 20.0573 13.9099 12.2082 12.1794 12.1547 12.1365 12.1119 11.9648 10.9073  8.8195
  8.3587  9.6614 10.9624  9.1031  8.6860  9.2743  9.9813 10.1585 10.0643 10.2634
 10.6272 10.8738 11.0392 11.2495 11.3597 11.5430 11.9303 12.2360 12.3821 12.6022
 12.8224 13.0314 13.2728 13.6055 13.6470 13.0757 12.2981 12.2171 12.3643 12.8581
 13.1570 13.7512 13.9111 19.8867 19.9035 18.0178 17.0701 14.9922 11.6368  9.1181
  9.0069 10.0469 10.6782 10.6436  9.8915 10.8562 14.4163 16.5284 16.8830 16.8329
 16.7602 16.5183 16.1335 15.7857 15.5049 15.3238 15.6938 15.9626 16.0153 16.6009
 16.4655 16.3598 16.6596 17.2180 17.6149 17.6849 17.9502 19.7761 21.1460 21.2399
 21.2407 21.2423 21.2448 21.9656 23.4212 23.8009 23.8009 23.8009 24.4428 24.1591
 12.4320 12.1419 12.1354 12.1313 12.1284 12.0596 11.6594  9.8294  8.5161  9.1867
  9.7644  9.4849  8.6552  6.3239  5.8643  5.7918  6.4561  7.1415  7.5052  7.7606
  8.0808  8.3482  8.5353  8.7778  8.9445  9.2265  9.7298 10.0657 10.1549 10.3616
 10.5986 10.8741 11.2824 11.7934 12.1968 12.0534 11.5642 11.5744 11.6098 11.7127
 11.9387  8.8013  2.0873  2.2348  6.2101 11.1652 12.5516 10.0580  8.6313  7.2739
  6.2061  6.3649  6.2664  5.7799  5.4023  6.8110 10.7493 14.0138 14.8674 15.0484
 15.3283 15.3142 15.1566 15.0457 14.6754 14.2507 14.0077 14.7149 15.8459 15.9601
 15.9863 16.3172 16.7060 16.6404 16.8894 16.2490 17.4295 17.6787 18.6834 20.7110
 21.2399 21.2399 21.2401 21.2405 21.4224 22.7490 23.7335 23.8009 22.9484 16.8342
 12.1308 12.1298 12.1293 12.1118 11.9631 10.9098  8.8850  8.7295  9.3325  8.6674
  8.2692  5.8935  5.0912  4.4667  4.5996  4.6092  5.0465  5.8183  6.2924  6.4274
  6.6756  6.9047  7.0261  7.2754  7.5261  7.8217  8.2451  8.4758  8.4884  8.7469
  9.1421  9.5863 10.1629 10.7434 11.1013 10.9969 11.0687 11.2277 11.2645 11.2973
  7.5173  1.2662  1.2841  1.7610  2.1408  2.1650  2.5671  4.0113  5.0309  4.4774
  4.4286  4.7829  4.5705  4.1303  4.1180  6.0441  9.3002 11.7851 12.5116 13.0244
 13.7176 14.1355 14.3780 14.3324 13.7548 13.1319 12.5960 11.9586 11.7565 11.3735
 11.1419 11.9255 12.2583 12.1961  9.6146  7.8962  8.8127 11.5714 15.9457 17.9066
 19.7752 21.1461 21.2399 21.2399 21.2400 15.9277  6.8250  5.9820  6.5326 10.6150
 11.1738 12.1281 12.0596 11.6594  9.8295  8.5159  9.1634  8.3947  5.7192  4.7321
  4.4260  4.2828  3.5823  3.7435  4.3465  4.6941  5.0189  5.7965  6.3556  6.4263
  6.4961  6.5434  6.4872  6.5677  6.7318  6.9906  7.4578  7.8611  8.0422  8.3403
  8.7487  9.2750  9.9368 10.4386 10.5680 10.6496 10.7364 10.9902 11.1860 11.2051
  6.1020  2.5499  1.5077  1.2217  1.4562  1.9870  2.1552  2.1784  2.2186  4.0801
  4.3703  4.2092  3.8279  3.3363  4.2064  6.1823  8.2045  9.3164  9.9958 11.0805
 12.2380 13.0511 13.5486 13.5078 12.9271 12.6392 12.2051 11.0945 10.8161 10.0592
  8.5484  7.8017  7.8185  7.7881  7.4749  6.9232  6.2617  6.0899  6.9044 12.8690
 17.3318 14.5722 11.9176 11.8409  9.2030  2.9126  2.4185  2.4185  2.4185  3.2933
  2.0952  3.5334  9.7814  8.8850  8.7287  9.2125  6.7318  4.5848  4.3824  4.3705
  4.3646  4.1456  3.2822  3.2108  3.7495  4.0769  4.5206  5.6412  5.9907  6.2629
  6.3220  6.2438  6.0723  5.8991  5.6817  5.5865  5.9638  6.9050  7.3584  7.7735
  8.1816  8.7362  9.3229  9.5947  9.7158 10.2197 10.5905 10.6829 10.8282 11.0709
  5.7984  3.0724  2.9254  1.9939  1.2451  1.0315  1.5035  1.7834  1.7511  2.4298
  2.6771  3.2703  3.4372  3.8582  4.7882  5.8416  6.7106  7.4426  8.3983  9.6469
 10.8529 11.7676 12.3436 12.4709 12.2520 12.0061 10.9875 10.4113 10.0788  9.4358
  8.4230  7.7536  7.6555  7.2382  6.5597  6.1214  6.0888  6.0877  6.0877  5.5050
  5.6279  3.3107  2.5590  2.4355  2.4192  2.4185  2.4185  2.4185  2.2841  1.3285
  0.4135  0.1856  0.4791  1.3360  4.1928  4.5172  4.3762  4.3706  4.3697  4.3101
  3.8947  3.2848  2.6543  2.6800  3.0570  3.2891  3.2145  3.8506  4.9634  5.4755
  5.6123  5.8113  5.7122  5.2999  4.7047  4.3448  4.6163  5.4951  6.8177  7.3044
  7.9624  8.4857  8.7911  8.8860  9.1364  9.5471 10.0136 10.4331 10.6649  9.3214
  3.4223  3.2028  3.1844  3.1361  2.2624  1.7056  1.5306  1.5249  2.0186  1.8420
  2.1950  2.7894  3.7949  4.6454  5.0675  5.2603  5.8189  6.8220  7.8650  8.8738
  9.7980 10.5937 11.1427 11.3609 11.2429 10.8743  9.7199  9.5408  9.1532  9.1804
  8.8660  7.2320  6.8824  6.3018  6.0899  6.0878  6.0877  5.9895  5.1332  4.1705
  3.5554  2.9271  2.5339  2.4282  2.4187  2.4185  2.4185  1.8838  0.8048  0.5236
  0.1436  0.1331 -0.0110 -0.2055 -0.2070  0.1113  2.4141  4.2395  4.1459  3.6083
  2.9560  2.5405  2.5297  2.6540  2.8696  2.3259  1.7398  1.9488  4.5551  4.7118
  4.1616  4.6671  4.7455  4.3141  3.6938  3.2435  3.5614  5.3299  7.3303  7.5920
  8.1757  8.6469  8.9347  8.9402  8.8856  9.0075  8.0858  5.8094  2.9481  1.8560
  1.5463  3.1430  3.4421  3.4862  3.3108  2.5914  2.3346  2.2632  1.9089  1.2736
  1.4781  2.2041  3.2106  3.8993  3.8678  4.0832  5.4252  6.1849  7.1201  7.8527
  8.5025  9.0728  9.4650  9.4454  9.1142  9.6737  9.3704  9.2433  9.2007  9.4510
  9.2639  5.9071  5.5464  5.9875  6.0877  6.0877  5.8320  4.9954  4.5045  4.1431
  3.5627  2.9041  2.5063  2.4226  2.4185  2.2841  1.3021  0.5735  0.4959  0.2936
  0.1333 -0.1461 -0.7486 -0.5718 -0.2300 -0.2070 -0.1879  0.4508  1.4903  2.0652
  2.0858  2.1107  2.1032  1.9644  1.4821  1.3319  1.3485  1.7612  3.7020  4.2507
  4.1755  4.2112  3.8381  3.3433  3.0410  2.3627  2.9605  3.9891  6.2131  6.4854
  6.8160  5.2415  4.9754  5.0251  4.0037  2.3213  1.2557  1.0304  0.9189  0.8669
  0.8632  2.5367  3.5512  3.3770  1.9826  0.9835  0.3431  0.1827  0.6651  0.9435
  0.5822  1.3472  2.0911  2.4873  2.7183  3.3847  5.4578  5.5337  5.0913  5.8149
  6.1487  6.5820  7.4184  7.1240  6.7408  7.6766  8.1041  8.6876  9.1775  9.4184
  9.3073  6.8479  5.8386  5.7578  5.8633  5.7996  5.2919  4.8063  4.5085  4.1665
  3.5713  2.8785  2.4758  2.4193  1.8884  0.8054  0.5236  0.4131  0.1912  0.1333
 -0.4449 -0.8236 -0.9387 -1.0744 -0.8451 -0.3459 -0.2070 -0.2078 -0.2158 -0.2320
 -0.0498  0.1128 -0.0602 -0.2884 -0.4131 -0.4585 -0.4622 -0.4340 -0.0203  0.6168
  0.8320  1.6234  2.0170  2.2452  2.6640  2.9642  2.9670  1.8694  0.9134  0.7006
  0.5286  0.4858  0.8892  1.0807  0.9680  0.8067  0.9184  1.0308  0.9074  0.8351
  0.5805  0.8963  1.8455  1.2650  0.8794  0.2809 -0.0074  0.4320  0.4621  0.7409
  0.7703  1.1070  1.6054  1.7965  1.7875  2.8027  4.9869  4.0374  3.6632  3.4034
  3.1787  3.1295  3.3855  3.5763  4.1734  4.9981  6.0113  7.0174  7.7052  8.0100
  7.9103  7.7736  7.6957  6.6073  5.6780  5.6704  5.2861  4.7801  4.5151  4.1966
  3.5780  2.8499  2.3404  1.4067  0.5922  0.4927  0.2854  0.1422  0.1333  0.0640
 -0.8482 -0.8516 -0.9363 -1.0747 -1.0817 -1.0221 -0.5845 -0.2309 -0.2126 -0.2531
 -0.0470  0.1453 -0.0479 -0.3854 -0.4512 -0.4128 -0.4776 -0.4559 -0.3173 -0.1536
  0.0619  0.3003  0.7736  1.1979  1.4858  1.6605  1.4638  0.9601  0.8592  0.7011
  0.4774  0.1900  0.1249  0.5544  0.4997  0.6824  0.6823  0.5975  0.4715  0.2156
 -0.0620  0.0098  0.1743  0.2731  0.1910  0.1662  0.4623  0.5841  0.8515  1.0788
  1.0280  0.9958  1.0591  1.2810  1.5642  1.7556  3.2299  3.3158  3.0220  2.9884
  2.1480  1.1916  1.1145  1.5730  2.2265  3.1139  4.1653  5.1867  5.9929  6.5195
  6.7949  7.0060  6.6649  6.0333  5.5224  5.2315  4.8518  4.3979  4.1259  3.6413
  3.0057  2.2645  1.2918  0.6626  0.4061  0.1356  0.1190  0.1328 -0.1348 -0.6955
 -0.8564 -0.8736 -0.9338 -1.0758 -1.1057 -1.0858 -1.0895 -0.8292 -0.5060 -0.8611
 -0.4310 -0.4182 -0.7070 -0.9395 -0.7575 -0.7891 -0.9910 -1.0622 -1.0643 -1.0050
 -0.8865 -0.6974 -0.4041 -0.1494 -0.0328 -0.0046 -0.0400 -0.1004 -0.1765 -0.3093
 -0.5170 -0.7161 -0.7826 -0.6558 -0.4153 -0.2120 -0.1481 -0.5910 -0.5175 -0.3657
 -0.3772 -0.2882 -0.1096 -0.1229  0.0268  0.3708  0.5547  0.6598  0.9549  0.7849
  0.5436  0.3818  0.2129  0.5516  1.0047  1.2394  2.1163  2.9959  2.8696  1.9035
  0.9321  0.3861  0.0556  0.2775  0.7185  1.2687  1.9406  2.7059  3.4817  4.1500
  4.5829  4.7238  4.6094  4.3352  3.9862  3.6187  3.2837  3.0104  2.7453  2.3873
  1.7827  0.9698  0.2944 -0.0377 -0.0996 -0.0809 -0.0455 -0.4343 -0.7864 -0.8415
 -0.9297 -0.9187 -1.0297 -1.1791 -1.1460 -1.2415 -1.2745 -1.3495 -1.3761 -1.4018
 -1.3635 -1.3104 -1.2833 -1.3207 -1.4263 -1.5727 -1.6882 -1.7650 -1.8122 -1.8201
 -1.7579 -1.5932 -1.3718 -1.1991 -1.1210 -1.1120 -1.1456 -1.2138 -1.3095 -1.4252
 -1.5372 -1.6138 -1.6040 -1.4889 -1.3193 -1.1564 -1.0627 -1.0276 -1.0521 -1.0056
 -1.0070 -0.9302 -0.7995 -0.6201 -0.3442  0.0533  0.4028  0.4126  0.2711  0.1398
 -0.0500 -0.1293 -0.2315 -0.0965  0.2916  0.5051 -0.4545 -0.8951 -0.6826 -0.1593
 -0.0235 -0.2797 -0.4592 -0.4437 -0.1608  0.2095  0.6624  1.1880  1.7395  2.2184
  2.5064  2.6585  2.4169  1.9037  1.5910  1.3441  1.1592  1.0131  0.8658  0.6701
  0.3868  0.0437 -0.2950 -0.5338 -0.6766 -0.7527 -0.8016 -0.8735 -0.9116 -0.9347
 -1.3265 -1.2437 -1.1508 -1.3158 -1.2342 -1.2955 -1.4120 -1.5458 -1.6723 -1.8047
 -1.9289 -1.9204 -1.8862 -1.8910 -1.9367 -1.9804 -2.0191 -2.0318 -2.0120 -1.9418
 -1.8493 -1.7634 -1.6892 -1.6335 -1.5989 -1.5714 -1.5506 -1.5421 -1.5383 -1.5412
 -1.5388 -1.5273 -1.5059 -1.4764 -1.4423 -1.4062 -1.3747 -1.3467 -1.3193 -1.3230
 -1.2383 -1.2188 -1.1659 -0.7941 -0.5518 -0.5931 -0.5626 -0.1618 -0.3611 -0.5964
 -0.7062 -0.8098 -0.9171 -1.0830 -1.3700 -1.6103 -1.6606 -1.6684 -1.6734 -1.7012
 -1.6312 -1.1741 -1.0439 -0.8829 -0.7484 -0.5135 -0.2215  0.1018  0.4137  0.6505
  0.9869  1.0193  0.5310  0.1391 -0.1081 -0.2908 -0.4033 -0.4669 -0.5211 -0.5923
 -0.6905 -0.8133 -0.9437 -1.0572 -1.1421 -1.2017 -1.2435 -1.2710 -1.2851 -1.2795
 -1.8241 -1.7637 -1.6765 -1.6395 -1.5956 -1.5595 -1.5500 -1.5659 -1.6190 -1.7749
 -2.1631 -2.2668 -2.1990 -2.1608 -2.1261 -2.0195 -1.9140 -1.8435 -1.7862 -1.7379
 -1.7312 -1.7469 -1.7576 -1.7577 -1.7481 -1.7294 -1.6986 -1.6661 -1.6317 -1.6021
 -1.5780 -1.5616 -1.5603 -1.5702 -1.5870 -1.6031 -1.6141 -1.6182 -1.6127 -1.5999
 -1.5820 -1.5601 -1.5368 -1.4980 -1.5222 -1.5185 -1.6549 -1.6755 -1.5364 -1.5015
 -1.5070 -1.6254 -1.6427 -1.6210 -1.6358 -1.6525 -1.6606 -1.6688 -1.6809 -1.7043
 -1.7175 -1.7366 -1.7251 -1.6161 -1.5293 -1.4370 -1.3390 -1.2307 -1.1259 -1.0430
 -0.9911 -1.0057 -1.0741 -1.1930 -1.3061 -1.3955 -1.4594 -1.4965 -1.5165 -1.5367
 -1.5621 -1.5989 -1.6518 -1.7135 -1.7689 -1.8130 -1.8404 -1.8490 -1.8446 -1.8255
 -1.7649 -1.7335 -1.7013 -1.6815 -1.6634 -1.6583 -1.6617 -1.6762 -1.6759 -1.6901
 -1.7450 -1.7606 -1.7544 -1.7486 -1.7436 -1.7143 -1.6972 -1.6879 -1.6824 -1.6807
 -1.6812 -1.6827 -1.6837 -1.6859 -1.6856 -1.6845 -1.6815 -1.6790 -1.6751 -1.6713
 -1.6683 -1.6651 -1.6622 -1.6610 -1.6617 -1.6637 -1.6668 -1.6705 -1.6743 -1.6778
 -1.6806 -1.6830 -1.6842 -1.6851 -1.6852 -1.6851 -1.6844 -1.6832 -1.6813 -1.6789
 -1.6766 -1.6747 -1.6742 -1.6753 -1.6786 -1.6832 -1.6879 -1.6925 -1.6998 -1.7037
 -1.7070 -1.7113 -1.7167 -1.7211 -1.7220 -1.7195 -1.7140 -1.7038 -1.6905 -1.6789
 -1.6727 -1.6706 -1.6748 -1.6894 -1.7070 -1.7227 -1.7333 -1.7396 -1.7357 -1.7288
 -1.7203 -1.7148 -1.7207 -1.7398 -1.7652 -1.7899 -1.8080 -1.8187 -1.8150 -1.7973
 -1.6250 -1.6237 -1.6235 -1.6254 -1.6261 -1.6271 -1.6271 -1.6279 -1.6280 -1.6284
 -1.6283 -1.6283 -1.6284 -1.6275 -1.6254 -1.6228 -1.6205 -1.6181 -1.6155 -1.6127
 -1.6106 -1.6085 -1.6060 -1.6045 -1.6033 -1.6024 -1.6014 -1.6009 -1.6003 -1.5996
 -1.5993 -1.5990 -1.5991 -1.6000 -1.6013 -1.6028 -1.6049 -1.6075 -1.6099 -1.6128
 -1.6153 -1.6175 -1.6191 -1.6211 -1.6229 -1.6246 -1.6258 -1.6271 -1.6281 -1.6290
 -1.6298 -1.6301 -1.6303 -1.6313 -1.6327 -1.6335 -1.6343 -1.6351 -1.6357 -1.6363
 -1.6361 -1.6360 -1.6360 -1.6359 -1.6355 -1.6359 -1.6368 -1.6368 -1.6368 -1.6374
 -1.6376 -1.6373 -1.6370 -1.6372 -1.6368 -1.6362 -1.6345 -1.6339 -1.6342 -1.6333
 -1.6294 -1.6271 -1.6294 -1.6320 -1.6344 -1.6346 -1.6359 -1.6368 -1.6327 -1.6265
